0.48158
1.82539
0.428672
0.809432
0.329703
3.11825
0.0475531
0.213686
0.841589
2.20839
3.13769
3.32231
0.189719
1.40586
11.2633
2.14829
2.81815
1.53571
1.75453
4.05504
3.60992
0.76112
0.302306
3.82109
3.14661
3.76656
0.629201
2.79225
0.562506
6.39754
0.789019
6.56701
0.760055
4.31942
2.64166
4.26936
1.0661
3.94418
2.07811
1.9863
2.10911
1.15324
0.552461
1.11024
1.03748
0.965475
3.2925
3.51143
2.33966
10.3761
0.813995
0.17762
0.314118
1.77636
2.50677
3.79682
0.946237
2.32102
0.552939
1.0392
0.311831
1.68611
0.311101
0.736132
0.419755
4.30994
0.275781
1.82174
0.343
3.41403
2.86937
0.995805
0.98478
0.533786
0.19197
0.133611
3.43369
0.645782
4.99974
4.41987
0.496523
0.421849
1.6717
2.48536
5.51259
0.767774
4.9142
1.01349
2.76522
2.68809
0.525179
6.82783
0.368209
2.65558
1.62699
4.81677
0.0466102
9.66318
5.06797
4.27617
0.885218
2.77892
1.99947
2.13098
1.14262
1.39129
1.27272
0.797276
0.288492
1.38554
1.10171
3.43754
2.25844
7.37284
4.07322
1.56225
0.0400801
2.04835
0.983352
0.317459
0.0503784
6.00051
1.58203
6.34994
3.73961
1.8708
0.885017
2.45357
1.27174
6.52779
0.354077
1.96312
0.461139
2.8952
2.80899
3.19479
0.7769
10.1162
0.759038
3.18501
1.35079
5.61569
1.72443
2.29303
0.619416
1.36087
0.818708
0.304204
2.00549
1.88213
0.183923
1.8857
1.7175
2.65671
0.252651
0.865957
1.71894
1.04427
0.610172
4.08578
0.489429
5.76858
3.49275
0.986495
1.65257
1.74903
1.29468
1.60105
1.80076
4.71653
2.71777
0.203232
0.120232
3.57156
3.63658
0.224972
0.914393
0.386463
0.468569
2.70813
1.08217
2.21067
0.956075
1.66931
1.88539
4.55124
0.631996
1.45576
1.06781
1.4215
2.23943
6.82271
2.74402
3.44751
1.1771
2.45322
6.07687
3.0554
0.155685
2.19099
0.517192
4.99889
2.34784
0.920247
1.59199
2.40106
0.974867
0.891869
2.77568
1.98679
0.49989
2.04974
1.065
3.51679
3.0888
0.984113
2.06052
1.07858
2.71759
3.89001
0.462516
3.7438
0.497876
2.61588
3.71132
2.33307
1.55335
2.12109
0.918772
1.97453
1.66831
0.399932
0.736842
2.59141
4.4495
1.66046
0.195825
2.90226
0.695253
5.36731
0.656558
5.18177
0.391528
1.83832
2.58325
4.10293
0.612794
3.06892
1.64063
1.8969
0.556764
0.443444
2.1621
1.99326
2.74884
1.29155
0.573735
3.84564
0.0227069
0.622962
1.51612
0.302658
0.79882
3.6182
1.88296
0.423367
4.79029
1.08112
4.05007
5.41902
1.5552
5.9519
1.66162
3.9668
2.88024
5.14099
1.39045
2.83851
1.02387
3.62404
0.683513
2.88208
0.303355
0.900676
3.02631
0.32021
1.35735
4.50542
4.61592
0.447156
0.500067
0.406754
1.26697
2.50463
0.286002
4.14275
1.71079
0.371607
0.257279
6.82526
6.06914
0.870437
0.323271
6.81452
0.566972
1.08207
3.13055
1.89833
3.12453
1.32982
3.62431
1.94253
3.50635
2.29791
0.763532
2.32283
2.08357
1.92468
3.20714
2.52119
1.86396
3.56613
1.31144
2.92361
0.876028
0.277807
1.56885
4.54282
5.39224
2.0118
2.12659
2.32384
0.462252
5.16205
1.3154
8.0494
0.515643
1.69701
0.167965
0.61262
2.55305
1.71003
0.26855
3.97576
2.9168
1.0178
1.07868
4.88138
15.7712
1.53061
0.73217
2.3322
1.64776
1.81285
2.46954
6.31578
0.646152
2.05059
1.10559
0.973723
4.76685
3.0573
2.03966
2.13656
0.723929
0.942204
2.43175
1.88149
2.96388
3.42331
5.56241
0.314558
2.58809
1.84915
0.460354
1.25998
0.52699
6.12128
0.705739
0.118231
0.470656
11.4303
2.08352
3.27237
4.38413
0.215345
1.28344
1.65713
5.87449
1.21436
1.37252
1.99799
1.0851
1.69766
0.0946393
5.22871
0.470669
2.2084
2.53462
1.7453
1.90042
1.75872
3.27764
6.84118
0.0813135
7.93151
0.248536
0.403572
0.744298
0.52385
0.103216
3.19786
1.6755
2.11574
0.169679
1.10673
3.72507
0.609362
2.02008
9.04099
0.435531
2.31956
0.919193
0.851566
1.20599
3.06412
0.0348066
4.95071
0.123333
1.62636
4.17783
5.48324
1.09225
1.73867
0.258279
2.74974
2.13397
5.68434
0.098955
1.48748
4.59203
5.82713
2.85789
4.79326
1.38443
1.35361
0.558443
0.920256
0.900848
4.56463
6.15605
1.71305
0.776025
5.98078
3.83235
2.98845
1.68376
0.502258
2.12378
0.119045
1.55298
0.645041
0.284922
0.252466
1.27621
7.9496
0.473351
6.6058
1.94305
0.640582
8.47512
1.70313
0.57213
0.343215
3.76668
1.29216
2.0223
0.379146
1.76358
2.833
0.769801
9.88086
2.83795
0.218602
0.964585
7.00077
1.85173
4.10351
0.547229
2.7194
0.808667
6.68432
6.57863
1.18555
4.09495
1.76406
0.524028
